{
 "cells": [
  {
   "cell_type": "code",
   "execution_count": 1,
   "id": "180eaf69-31e6-4aec-a341-0e4a3497f572",
   "metadata": {
    "scrolled": true
   },
   "outputs": [
    {
     "name": "stdout",
     "output_type": "stream",
     "text": [
      "%pylab is deprecated, use %matplotlib inline and import the required libraries.\n",
      "Populating the interactive namespace from numpy and matplotlib\n"
     ]
    },
    {
     "name": "stderr",
     "output_type": "stream",
     "text": [
      "2023-05-11 15:33:40.358868: E tensorflow/stream_executor/cuda/cuda_blas.cc:2981] Unable to register cuBLAS factory: Attempting to register factory for plugin cuBLAS when one has already been registered\n",
      "/opt/packages/AI/tensorflow_23.02-2.10.0-py3/lib/python3.8/site-packages/tqdm/auto.py:22: TqdmWarning: IProgress not found. Please update jupyter and ipywidgets. See https://ipywidgets.readthedocs.io/en/stable/user_install.html\n",
      "  from .autonotebook import tqdm as notebook_tqdm\n"
     ]
    }
   ],
   "source": [
    "%pylab inline\n",
    "import jax\n",
    "import jax.numpy as jnp\n",
    "import tensorflow_probability as tfp; tfp = tfp.substrates.jax\n",
    "tfd = tfp.distributions\n",
    "tfb = tfp.bijectors\n",
    "\n",
    "from jaxlie import SO3\n",
    "from so3dm.distributions.isotropic_gaussian import IsotropicGaussianSO3\n",
    "from so3dm.plotting import visualize_so3_probabilities, visualize_so3_density\n",
    "\n",
    "import tensorflow_datasets as tfds\n",
    "import tensorflow as tf\n",
    "\n",
    "from flax.metrics import tensorboard\n",
    "import haiku as hk\n",
    "import optax\n",
    "\n",
    "from tqdm import tqdm"
   ]
  },
  {
   "cell_type": "code",
   "execution_count": 2,
   "id": "8071a4bc",
   "metadata": {},
   "outputs": [],
   "source": [
    "from sklearn.neighbors import radius_neighbors_graph\n",
    "import jraph\n",
    "from jraph import GraphConvolution\n",
    "from jraph._src import utils as jraph_utils\n",
    "from jraph._src import graph as gn_graph\n",
    "\n",
    "import networkx as nx\n",
    "import jax.tree_util as tree\n",
    "from typing import Any, Callable, Dict, List, Optional, Tuple"
   ]
  },
  {
   "cell_type": "code",
   "execution_count": 3,
   "id": "bb694466-e71a-4d8f-aa2a-b10ca6462380",
   "metadata": {},
   "outputs": [],
   "source": [
    "import os\n",
    "os.environ[\"XLA_FLAGS\"]=\"--xla_gpu_force_compilation_parallelism=1\""
   ]
  },
  {
   "cell_type": "code",
   "execution_count": 4,
   "id": "e0594215-29ad-4b41-a9a0-ad0c4fabf896",
   "metadata": {},
   "outputs": [
    {
     "name": "stderr",
     "output_type": "stream",
     "text": [
      "No GPU/TPU found, falling back to CPU. (Set TF_CPP_MIN_LOG_LEVEL=0 and rerun for more info.)\n"
     ]
    },
    {
     "data": {
      "text/plain": [
       "Array([[1., 0., 0.],\n",
       "       [0., 1., 0.],\n",
       "       [0., 0., 1.]], dtype=float32)"
      ]
     },
     "execution_count": 4,
     "metadata": {},
     "output_type": "execute_result"
    }
   ],
   "source": [
    "jnp.linalg.inv(jnp.eye(3))"
   ]
  },
  {
   "cell_type": "code",
   "execution_count": 5,
   "id": "0a121dee",
   "metadata": {},
   "outputs": [],
   "source": [
    "rng = hk.PRNGSequence(42)\n"
   ]
  },
  {
   "cell_type": "code",
   "execution_count": 6,
   "id": "6263e366-af61-41c1-988c-63edddf0aa29",
   "metadata": {},
   "outputs": [],
   "source": [
    "import pickle\n",
    "from halotools_ia.correlation_functions import  ed_3d, ee_3d,gi_plus_3d, gi_plus_projected, ii_minus_3d, ii_minus_projected, ii_plus_3d, ii_plus_projected, ed_projected, ed_3d_one_two_halo_decomp\n"
   ]
  },
  {
   "cell_type": "code",
   "execution_count": 83,
   "id": "5ee030ed-0c33-4497-958c-23ecb05d73d6",
   "metadata": {},
   "outputs": [],
   "source": [
    "tng = pickle.load(  open('/jet/home/yjagvara/SO3Diffusion_Tidal/TNG100-1_99_non-reduced_galaxy_shapes_multi_scale_1024_MLP_only_cent.pkl', \"rb\" ) )\n",
    "tng = tng[tng['dm_mass']>0]\n",
    "tng = tng[log10(tng['dm_mass']*10**10)>9]\n",
    "tng = tng[log10(tng['mass']*10**10)>9]\n",
    "\n",
    "tng['mass'] = log10(tng['mass']*10**10)\n",
    "tng['dm_mass'] = log10(tng['dm_mass']*10**10)\n",
    "\n",
    "#tng = tng[tng['central_bool']==1.0]\n",
    " "
   ]
  },
  {
   "cell_type": "code",
   "execution_count": 84,
   "id": "c9538258",
   "metadata": {
    "scrolled": false
   },
   "outputs": [
    {
     "data": {
      "text/html": [
       "<div><i>Table length=17457</i>\n",
       "<table id=\"table22508822514416\" class=\"table-striped table-bordered table-condensed\">\n",
       "<thead><tr><th>gal_id</th><th>a</th><th>b</th><th>c</th><th>av_x</th><th>av_y</th><th>av_z</th><th>bv_x</th><th>bv_y</th><th>bv_z</th><th>cv_x</th><th>cv_y</th><th>cv_z</th><th>tid_av_x_0.1_1024</th><th>tid_av_y_0.1_1024</th><th>tid_av_z_0.1_1024</th><th>tid_bv_x_0.1_1024</th><th>tid_bv_y_0.1_1024</th><th>tid_bv_z_0.1_1024</th><th>tid_cv_x_0.1_1024</th><th>tid_cv_y_0.1_1024</th><th>tid_cv_z_0.1_1024</th><th>tid_a_0.1_1024</th><th>tid_b_0.1_1024</th><th>tid_c_0.1_1024</th><th>tid_av_x_0.5_1024</th><th>tid_av_y_0.5_1024</th><th>tid_av_z_0.5_1024</th><th>tid_bv_x_0.5_1024</th><th>tid_bv_y_0.5_1024</th><th>tid_bv_z_0.5_1024</th><th>tid_cv_x_0.5_1024</th><th>tid_cv_y_0.5_1024</th><th>tid_cv_z_0.5_1024</th><th>tid_a_0.5_1024</th><th>tid_b_0.5_1024</th><th>tid_c_0.5_1024</th><th>tid_av_x_1.0_1024</th><th>tid_av_y_1.0_1024</th><th>tid_av_z_1.0_1024</th><th>tid_bv_x_1.0_1024</th><th>tid_bv_y_1.0_1024</th><th>tid_bv_z_1.0_1024</th><th>tid_cv_x_1.0_1024</th><th>tid_cv_y_1.0_1024</th><th>tid_cv_z_1.0_1024</th><th>tid_a_1.0_1024</th><th>tid_b_1.0_1024</th><th>tid_c_1.0_1024</th><th>tid_av_x_2.0_1024</th><th>tid_av_y_2.0_1024</th><th>tid_av_z_2.0_1024</th><th>tid_bv_x_2.0_1024</th><th>tid_bv_y_2.0_1024</th><th>tid_bv_z_2.0_1024</th><th>tid_cv_x_2.0_1024</th><th>tid_cv_y_2.0_1024</th><th>tid_cv_z_2.0_1024</th><th>tid_a_2.0_1024</th><th>tid_b_2.0_1024</th><th>tid_c_2.0_1024</th><th>mass</th><th>GroupID</th><th>tot_mass</th><th>dm_mass</th><th>central_bool</th><th>group_mass</th><th>group_x</th><th>group_y</th><th>group_z</th><th>gal_pos_x</th><th>gal_pos_y</th><th>gal_pos_z</th><th>dm_av_x</th><th>dm_av_y</th><th>dm_av_z</th><th>dm_bv_x</th><th>dm_bv_y</th><th>dm_bv_z</th><th>dm_cv_x</th><th>dm_cv_y</th><th>dm_cv_z</th><th>dm_a</th><th>dm_b</th><th>dm_c</th><th>mlp_av_x</th><th>mlp_av_y</th><th>mlp_av_z</th></tr></thead>\n",
       "<thead><tr><th>float64</th><th>float64</th><th>float64</th><th>float64</th><th>float64</th><th>float64</th><th>float64</th><th>float64</th><th>float64</th><th>float64</th><th>float64</th><th>float64</th><th>float64</th><th>float64</th><th>float64</th><th>float64</th><th>float64</th><th>float64</th><th>float64</th><th>float64</th><th>float64</th><th>float64</th><th>float64</th><th>float64</th><th>float64</th><th>float64</th><th>float64</th><th>float64</th><th>float64</th><th>float64</th><th>float64</th><th>float64</th><th>float64</th><th>float64</th><th>float64</th><th>float64</th><th>float64</th><th>float64</th><th>float64</th><th>float64</th><th>float64</th><th>float64</th><th>float64</th><th>float64</th><th>float64</th><th>float64</th><th>float64</th><th>float64</th><th>float64</th><th>float64</th><th>float64</th><th>float64</th><th>float64</th><th>float64</th><th>float64</th><th>float64</th><th>float64</th><th>float64</th><th>float64</th><th>float64</th><th>float64</th><th>float64</th><th>float64</th><th>float64</th><th>float64</th><th>float64</th><th>float64</th><th>float64</th><th>float64</th><th>float64</th><th>float64</th><th>float64</th><th>float64</th><th>float64</th><th>float64</th><th>float64</th><th>float64</th><th>float64</th><th>float64</th><th>float64</th><th>float64</th><th>float64</th><th>float64</th><th>float64</th><th>float64</th><th>float64</th><th>float64</th><th>float64</th></tr></thead>\n",
       "<tr><td>0.0</td><td>0.24562844247483243</td><td>0.11233008826530698</td><td>0.09435347356932028</td><td>0.15057356009311798</td><td>-0.36432524666271543</td><td>0.9190183445639349</td><td>-0.6040801058750838</td><td>0.7019725376704176</td><td>0.37725559246020707</td><td>0.7825693762771655</td><td>0.611965416507098</td><td>0.11438312949234405</td><td>0.8275753855705261</td><td>0.5501617810833461</td><td>-0.11153932645318682</td><td>-0.4364806852752775</td><td>0.7555949692944677</td><td>0.4884269175204382</td><td>0.3529923768186143</td><td>-0.355525325415916</td><td>0.8654467776217399</td><td>1054.244087225318</td><td>991.9027130436707</td><td>668.0261137005616</td><td>-0.9183833599090576</td><td>0.33972494317589014</td><td>0.20287679547321114</td><td>0.33534699111399274</td><td>0.9403888675675559</td><td>-0.05666721544068841</td><td>-0.2100343464963115</td><td>0.015991896046057438</td><td>-0.9775632115381181</td><td>59.10935058615099</td><td>55.377614125575626</td><td>37.975054282341716</td><td>0.9371282458305359</td><td>0.1784244452709745</td><td>-0.29992566920893826</td><td>-0.2053100234179685</td><td>0.9768323454844315</td><td>-0.06038512316371721</td><td>0.2822029128212493</td><td>0.11816634946180396</td><td>0.9520494891811419</td><td>13.122050507836377</td><td>11.700347539646893</td><td>9.282237732126015</td><td>-0.8248880505561829</td><td>0.33217499988277654</td><td>0.4574051124728157</td><td>0.5063412900419841</td><td>0.7939398479662237</td><td>0.3365679958195495</td><td>-0.2513526714837356</td><td>0.5092340201363678</td><td>-0.8231054290148635</td><td>2.5250096232145673</td><td>2.341083724345102</td><td>1.7858375325765965</td><td>12.3997019439012</td><td>0.0</td><td>27477.935546875</td><td>14.36783318021225</td><td>1.0</td><td>38878.03515625</td><td>849.0914306640625</td><td>26326.99609375</td><td>18306.93359375</td><td>0.8490914106369019</td><td>26.326995849609375</td><td>18.306934356689453</td><td>0.20913785733198287</td><td>-0.2376266091458571</td><td>0.9485752217175131</td><td>-0.0291868731156354</td><td>0.9680772186306577</td><td>0.24894703293283385</td><td>0.9774505015950008</td><td>0.07975019369363229</td><td>-0.19552601754628252</td><td>0.7422561814889702</td><td>0.380580342545896</td><td>0.2953753041796042</td><td>-0.8295962810516357</td><td>0.51895672082901</td><td>0.5298088788986206</td></tr>\n",
       "<tr><td>1.0</td><td>0.08088470650058953</td><td>0.04497213832247513</td><td>0.03777383880658522</td><td>-0.9840750455762398</td><td>-0.006859759853817557</td><td>0.17762108086843106</td><td>0.07866214907516236</td><td>0.8792771126813137</td><td>0.46977018361927686</td><td>-0.15940066178344028</td><td>0.4762611707976621</td><td>-0.8647350612837673</td><td>-0.25285616517066956</td><td>-0.542943046543665</td><td>-0.8007974784346137</td><td>-0.0015899779481896464</td><td>-0.8274600252025045</td><td>0.5615223759228073</td><td>0.9675025711735737</td><td>-0.14325765215776112</td><td>-0.20836511193280413</td><td>340.0297044488053</td><td>304.0921077455601</td><td>251.82406385313607</td><td>-0.43189844489097595</td><td>-0.6954925306839556</td><td>-0.5742419895334245</td><td>-0.7976906521230697</td><td>0.5916774294264403</td><td>-0.11665094522888154</td><td>-0.4208958853397719</td><td>-0.40768610384724513</td><td>0.810332459200483</td><td>19.602475741375493</td><td>17.40369819653049</td><td>5.434223834232313</td><td>0.46768128871917725</td><td>0.777220230781344</td><td>0.42095478906302564</td><td>0.802480656776426</td><td>-0.5730060672469052</td><td>0.1663996466279646</td><td>0.3705388199238754</td><td>0.25998607609337393</td><td>-0.8916884114795887</td><td>6.901495930274793</td><td>5.321455175040075</td><td>-0.37971657154338395</td><td>-0.3023521304130554</td><td>-0.8591983176887451</td><td>0.4127486479698836</td><td>-0.8679340461933621</td><td>0.4271650525814584</td><td>0.2534176578526006</td><td>-0.3940478232125578</td><td>-0.2816172379914081</td><td>-0.874881731600069</td><td>2.041410478830176</td><td>1.404129183064541</td><td>1.2895440686703488</td><td>11.578095147604138</td><td>0.0</td><td>3666.622802734375</td><td>13.50298481399793</td><td>0.0</td><td>38878.03515625</td><td>849.0914306640625</td><td>26326.99609375</td><td>18306.93359375</td><td>0.10647333413362503</td><td>24.63332176208496</td><td>16.90055274963379</td><td>-0.894172344445321</td><td>-0.431108424887396</td><td>-0.12083602285852724</td><td>-0.4150634625674986</td><td>0.6969958927253865</td><td>0.5847384437211395</td><td>0.16786345781806322</td><td>-0.5730115631599854</td><td>0.8021718070428016</td><td>0.2554090437812483</td><td>0.18938552774748685</td><td>0.17268245195140966</td><td>-0.6350778937339783</td><td>-0.5722015500068665</td><td>0.8127713799476624</td></tr>\n",
       "<tr><td>2.0</td><td>0.029657668413294556</td><td>0.027907432725562016</td><td>0.025816469838701374</td><td>-0.26077723253654983</td><td>0.4254462113472258</td><td>-0.8665972283828683</td><td>0.9558149884532077</td><td>-0.012390405194009673</td><td>-0.2937076534707986</td><td>0.13569429921250462</td><td>0.9048988888872719</td><td>0.40341673000980943</td><td>-0.880781888961792</td><td>0.44753759161619305</td><td>0.15470422818181326</td><td>0.47337510537536415</td><td>0.8403335008773494</td><td>0.26411288668688704</td><td>-0.011802700445901449</td><td>0.3058589730473757</td><td>-0.9520036685163501</td><td>382.3485118800341</td><td>379.8080753150767</td><td>229.73399493712893</td><td>0.9019741415977478</td><td>0.39395049048399733</td><td>0.17676446381355537</td><td>-0.4301801316453484</td><td>0.8551803839966307</td><td>0.2891566446840985</td><td>0.0372521000410273</td><td>0.3368523740079518</td><td>-0.9408202586933065</td><td>45.55879223874659</td><td>41.7458650873896</td><td>13.936163208857044</td><td>-0.8888373374938965</td><td>-0.36896232896961634</td><td>-0.27172599523478264</td><td>0.43208303553659616</td><td>-0.8722901430712391</td><td>-0.2289413826773946</td><td>-0.15255316150934772</td><td>-0.3208998381147507</td><td>0.934746397057207</td><td>12.192577897497326</td><td>10.585406962788612</td><td>7.440784034136231</td><td>0.8154981732368469</td><td>0.34012826538765034</td><td>-0.46826861664919506</td><td>-0.5509893239287479</td><td>0.7038767719183728</td><td>-0.4482948302962152</td><td>0.17712565926681462</td><td>0.623594622361482</td><td>0.7614172626038479</td><td>2.512468517480205</td><td>2.328128810399225</td><td>1.7195177630093514</td><td>11.628209423407583</td><td>0.0</td><td>773.4555053710938</td><td>12.856235701293752</td><td>0.0</td><td>38878.03515625</td><td>849.0914306640625</td><td>26326.99609375</td><td>18306.93359375</td><td>0.8531123399734497</td><td>26.72574806213379</td><td>17.510679244995117</td><td>-0.44998482120148936</td><td>0.5216721585493953</td><td>-0.7248253718535784</td><td>0.1483677084347021</td><td>-0.7566904268686213</td><td>-0.6367154945336407</td><td>0.8806251664483017</td><td>0.39405298740118433</td><td>-0.2630999037211969</td><td>0.06412549909992203</td><td>0.06279831222742362</td><td>0.05986077141319621</td><td>-0.5391837954521179</td><td>-0.1834503561258316</td><td>0.2371581792831421</td></tr>\n",
       "<tr><td>3.0</td><td>0.018082525231503666</td><td>0.014158971881358921</td><td>0.01222966521600501</td><td>-0.18327640118347924</td><td>0.8024303076072575</td><td>-0.5679043600841203</td><td>0.9766838307247415</td><td>0.21432650432834124</td><td>-0.0123630232240266</td><td>-0.11179649176104173</td><td>0.5569288562964891</td><td>0.823001697115023</td><td>0.9721372723579407</td><td>0.13241262915181962</td><td>-0.19343225375726192</td><td>-0.2253100707952795</td><td>0.7555232597061101</td><td>-0.6151584966829927</td><td>0.06468781300011002</td><td>0.6416007322970851</td><td>0.7643062129572853</td><td>87.04871759916425</td><td>84.99975852487485</td><td>62.34963110912915</td><td>0.9601742029190063</td><td>0.09534201450948858</td><td>-0.26263176314282344</td><td>-0.11330683354213822</td><td>0.9920863922003901</td><td>-0.05409391725016924</td><td>0.2553959753302503</td><td>0.08169755614512844</td><td>0.9633786405692335</td><td>11.497520319686519</td><td>9.693721223067465</td><td>-3.8285132677798916</td><td>0.9453354477882385</td><td>0.18561979935204662</td><td>-0.2681158910993191</td><td>-0.207397898455762</td><td>0.9767054732929888</td><td>-0.05506841341142483</td><td>0.2516484704654678</td><td>0.1076647970695349</td><td>0.9618114881744583</td><td>6.208022837439617</td><td>5.142239415879281</td><td>-1.1519118757588624</td><td>0.9223912358283997</td><td>-0.07469076297867584</td><td>-0.3789666305250492</td><td>-0.341641069588688</td><td>-0.6155109176150187</td><td>-0.7102307300216</td><td>0.18021042338372953</td><td>-0.7845811622913088</td><td>0.593259305094725</td><td>2.089374436125829</td><td>1.9721288558379273</td><td>0.8042911796768404</td><td>11.065239627215188</td><td>0.0</td><td>339.1330871582031</td><td>12.492075007318201</td><td>0.0</td><td>38878.03515625</td><td>849.0914306640625</td><td>26326.99609375</td><td>18306.93359375</td><td>0.24545502662658691</td><td>26.517372131347656</td><td>15.888749122619629</td><td>0.07192887265149081</td><td>-0.602036263783214</td><td>0.7952223427249978</td><td>-0.06875971805707189</td><td>0.7923976582805746</td><td>0.6061171935559767</td><td>0.9950368528108882</td><td>0.09827659050562189</td><td>-0.015600426493936224</td><td>0.11019573989878745</td><td>0.08198181434064328</td><td>0.06754900596157654</td><td>-0.36452817916870117</td><td>-0.13807687163352966</td><td>0.38148462772369385</td></tr>\n",
       "<tr><td>4.0</td><td>0.01801164473834766</td><td>0.0168904028181911</td><td>0.013904951566977544</td><td>-0.1142639508855221</td><td>-0.979945945153804</td><td>-0.16324734026822255</td><td>-0.9934460645980511</td><td>0.1131971410280455</td><td>0.01585320149754536</td><td>-0.0029438516735695247</td><td>-0.16398887718285846</td><td>0.9864577952946744</td><td>0.7485275268554688</td><td>0.6600091975474459</td><td>0.06398781308005926</td><td>0.09984522831373491</td><td>-0.016784453435366945</td><td>-0.9948614036667893</td><td>-0.65554367623597</td><td>0.7510699975872106</td><td>-0.0784623939946852</td><td>95.48307820950194</td><td>84.8429631454686</td><td>74.73061250881207</td><td>-0.9893072247505188</td><td>-0.04843766873430373</td><td>0.137568123101957</td><td>0.08901581515380513</td><td>0.546642973525605</td><td>0.8326209486600661</td><td>0.1155308655672284</td><td>-0.8359636665206632</td><td>0.536486129698258</td><td>8.999897029588341</td><td>8.000785662629548</td><td>-3.7907557456801593</td><td>0.9832291603088379</td><td>-0.16407630175885704</td><td>-0.07962015991931036</td><td>-0.17963702753860372</td><td>-0.9466587978466704</td><td>-0.26752132400351225</td><td>-0.031479215389444815</td><td>0.2773374977543313</td><td>-0.9602567215790949</td><td>4.977716213338439</td><td>4.500357897673841</td><td>-1.9989919689628635</td><td>0.951259195804596</td><td>0.08308734405975979</td><td>-0.296988995835959</td><td>-0.30827944117927625</td><td>0.28227597115623293</td><td>-0.9084514638955671</td><td>-0.008352037880026354</td><td>-0.955728397278694</td><td>-0.2941317291594872</td><td>1.9237631510049509</td><td>1.8755596258083822</td><td>0.5238074617832662</td><td>10.955806928437847</td><td>0.0</td><td>325.36669921875</td><td>12.48691572674364</td><td>0.0</td><td>38878.03515625</td><td>849.0914306640625</td><td>26326.99609375</td><td>18306.93359375</td><td>0.7687843441963196</td><td>26.51828956604004</td><td>15.530523300170898</td><td>-0.7731495452799411</td><td>-0.025394237333196023</td><td>-0.6337151673612411</td><td>-0.38358190855097435</td><td>0.8144575707517007</td><td>0.4353432954320422</td><td>0.5050789047919271</td><td>0.5796671442780793</td><td>-0.6394382704989464</td><td>0.07512998409324027</td><td>0.07145462279941757</td><td>0.06208312340477497</td><td>-0.3841070532798767</td><td>0.06337937712669373</td><td>0.3301573693752289</td></tr>\n",
       "<tr><td>5.0</td><td>0.020714045769373805</td><td>0.015366443958998062</td><td>0.011101178523383154</td><td>0.4543514501412507</td><td>0.4368184773811964</td><td>0.7763725765203948</td><td>0.0989417327520005</td><td>0.8413858812125629</td><td>-0.5313006045697589</td><td>0.885310845564751</td><td>-0.3182128481292561</td><td>-0.3390653182071158</td><td>0.7768359780311584</td><td>0.15880068292379038</td><td>-0.6093506734152345</td><td>0.12258095443257752</td><td>-0.9873034088378564</td><td>-0.10102419763376748</td><td>0.6176567086165746</td><td>-0.0037844418460261536</td><td>0.7864387250770741</td><td>150.6719051410386</td><td>144.29760338145712</td><td>32.579406564684625</td><td>0.8302285671234131</td><td>0.06331149379261101</td><td>-0.5538160138923615</td><td>-0.010964905134195126</td><td>-0.9914818694743903</td><td>-0.12978240774067612</td><td>0.5573152549009173</td><td>-0.11382160277081475</td><td>0.8224623695935326</td><td>30.224059047691718</td><td>27.72795609148564</td><td>-5.601407306425997</td><td>0.8750212788581848</td><td>-0.013376262889044099</td><td>-0.4838995982078433</td><td>-0.07984628679003236</td><td>-0.9899146088434846</td><td>-0.11701981748445146</td><td>0.4774539936375365</td><td>-0.14103241751233508</td><td>0.8672644009586659</td><td>10.214945917008441</td><td>9.040170727109352</td><td>3.5761973690223474</td><td>-0.8614780902862549</td><td>0.16273267542655348</td><td>0.4810130892316824</td><td>0.32598990654872145</td><td>0.9035240204531997</td><td>0.2781634866269143</td><td>-0.3893405918884474</td><td>0.39643715871825347</td><td>-0.8314153490857331</td><td>2.3269508673959876</td><td>2.003771712772918</td><td>1.3924634090971475</td><td>11.114486029043341</td><td>0.0</td><td>298.01812744140625</td><td>12.451609934560004</td><td>0.0</td><td>38878.03515625</td><td>849.0914306640625</td><td>26326.99609375</td><td>18306.93359375</td><td>1.4265923500061035</td><td>26.341442108154297</td><td>19.04120445251465</td><td>0.3918429756654348</td><td>0.3654932744319969</td><td>0.8443185114437765</td><td>0.011168222931565</td><td>0.9157482681432102</td><td>-0.4015972860830387</td><td>0.9199643217093848</td><td>-0.1667926129589919</td><td>-0.35474761598085974</td><td>0.062249062652563976</td><td>0.04554774917427718</td><td>0.038746376495772214</td><td>-0.9575876593589783</td><td>0.2240697145462036</td><td>0.34571993350982666</td></tr>\n",
       "<tr><td>6.0</td><td>0.014119734858107792</td><td>0.011844378746852749</td><td>0.007982621187688364</td><td>-0.22290355721159702</td><td>0.2984316518790147</td><td>-0.9280369353313361</td><td>0.9394537387980854</td><td>-0.18840792189093264</td><td>-0.2862326459840651</td><td>-0.26027039178653266</td><td>-0.9356500436196766</td><td>-0.238365935137095</td><td>-0.9105023145675659</td><td>-0.0988293550637392</td><td>0.40151996746038326</td><td>0.41098426612009176</td><td>-0.10925613157905309</td><td>0.9050718373223812</td><td>0.04557914757245563</td><td>-0.9890883966006611</td><td>-0.1400952712139218</td><td>335.3875231376624</td><td>294.41755624107986</td><td>-42.357889451741656</td><td>0.8969227075576782</td><td>0.3906390273337473</td><td>0.20719759058429238</td><td>-0.4393241654870583</td><td>0.8404695553081605</td><td>0.3171832344547916</td><td>0.05023911662531079</td><td>0.37551574790392966</td><td>-0.9254533776678657</td><td>54.147985187340716</td><td>50.0636499904205</td><td>27.867718833217868</td><td>0.9127143025398254</td><td>-0.27453073013282103</td><td>0.30263098525806825</td><td>-0.3416022979844858</td><td>-0.919069329745677</td><td>0.1965182870181554</td><td>0.22418854796186125</td><td>-0.2827444877156255</td><td>-0.9326280339069702</td><td>12.92535772244448</td><td>11.247231530013353</td><td>9.113070946326427</td><td>-0.8143582344055176</td><td>0.3390340504565971</td><td>0.4710377874775135</td><td>0.5378165677834383</td><td>0.745882999514194</td><td>0.39295278400000105</td><td>-0.21811470381054063</td><td>0.5733362570662202</td><td>-0.789754083443028</td><td>2.539618561436438</td><td>2.3344824030547318</td><td>1.80247327951178</td><td>11.292302355114606</td><td>0.0</td><td>206.8306121826172</td><td>12.268136164748892</td><td>0.0</td><td>38878.03515625</td><td>849.0914306640625</td><td>26326.99609375</td><td>18306.93359375</td><td>0.9047555923461914</td><td>26.611112594604492</td><td>17.832447052001953</td><td>0.11291700663663792</td><td>-0.287765607234945</td><td>0.9510208751152229</td><td>0.978800736446974</td><td>-0.13239059141012582</td><td>-0.15627491685148434</td><td>0.17087676244323766</td><td>0.9485060287624851</td><td>0.26671603899678925</td><td>0.03274124656447151</td><td>0.02647658482026913</td><td>0.021759721217229116</td><td>-0.6157798171043396</td><td>0.1805431842803955</td><td>0.8364304900169373</td></tr>\n",
       "<tr><td>7.0</td><td>0.014264607282143125</td><td>0.012930660989750504</td><td>0.010384966439804553</td><td>-0.32911445366610587</td><td>0.2580640586333649</td><td>0.9083427866338432</td><td>0.9287466042611946</td><td>-0.08535148538246126</td><td>0.3607559687881924</td><td>-0.17062655555733508</td><td>-0.9623502821658456</td><td>0.2115857106563602</td><td>-0.5996925234794617</td><td>-0.7457408138106868</td><td>0.2902404295058079</td><td>0.09643116278398547</td><td>0.29270824713300736</td><td>0.9513269222010118</td><td>0.7943990805299755</td><td>-0.5984918718556634</td><td>0.10362229574678217</td><td>106.19326795531998</td><td>81.73599148245327</td><td>-10.20633132785529</td><td>0.778051495552063</td><td>0.5637893944151302</td><td>-0.2770873032260318</td><td>-0.2447324288495145</td><td>-0.13420077738774477</td><td>-0.960258397317067</td><td>-0.57856883180264</td><td>0.8149427403772278</td><td>0.0335624309754635</td><td>28.03821793521729</td><td>22.953089681994513</td><td>-3.2529257228048234</td><td>0.8548998832702637</td><td>0.47899385711488035</td><td>-0.19927645448558487</td><td>-0.37472315456571015</td><td>0.3044741498035521</td><td>-0.8757157355750365</td><td>-0.35878792886391675</td><td>0.8233227659597501</td><td>0.4397849987822771</td><td>9.766195040270658</td><td>8.692339146168745</td><td>5.119134099857715</td><td>0.8400160074234009</td><td>0.20962384116815538</td><td>0.5004307851097664</td><td>-0.5422037651656503</td><td>0.3578287100487087</td><td>0.7602458097911947</td><td>0.019702855424065132</td><td>0.9099540974570008</td><td>-0.41424067643020446</td><td>2.3679617471799905</td><td>2.1642857947847527</td><td>1.5947039668881267</td><td>11.115723647777203</td><td>0.0</td><td>137.8258819580078</td><td>12.095911876887975</td><td>0.0</td><td>38878.03515625</td><td>849.0914306640625</td><td>26326.99609375</td><td>18306.93359375</td><td>1.4113867282867432</td><td>26.66329574584961</td><td>17.27666473388672</td><td>-0.6442798631117556</td><td>0.13761416014325387</td><td>0.7523069858221204</td><td>0.7423171156837277</td><td>-0.12418326258128562</td><td>0.6584404430604626</td><td>-0.18403466453820141</td><td>-0.9826702703464344</td><td>0.02214457101813702</td><td>0.03617064514392236</td><td>0.0322852986267902</td><td>0.028433050752495505</td><td>-0.487853080034256</td><td>-0.006067287176847458</td><td>0.6665339469909668</td></tr>\n",
       "<tr><td>8.0</td><td>0.012384133540565926</td><td>0.011480578764441723</td><td>0.008352121662922892</td><td>-0.09489200944034107</td><td>0.9845018255922565</td><td>-0.14748444646771572</td><td>-0.6070729329106967</td><td>-0.1746455075092532</td><td>-0.7752170024154785</td><td>0.7889600501112708</td><td>-0.015971916364344224</td><td>-0.6142368738655077</td><td>0.7868995070457458</td><td>0.6145145813034041</td><td>0.05622298256882669</td><td>0.6145898622580878</td><td>-0.7886416891792428</td><td>0.017988532405250793</td><td>0.05539400340305002</td><td>0.020398908157355643</td><td>-0.9982561740019295</td><td>297.00356951122933</td><td>154.70036110379576</td><td>106.36466728451252</td><td>-0.9773894548416138</td><td>-0.19233808125036161</td><td>-0.08784018444010429</td><td>0.20084339955830172</td><td>-0.9743790274684</td><td>-0.10122963836544814</td><td>-0.06611931907851548</td><td>-0.11658290325199669</td><td>0.9909776295729025</td><td>45.70994895845578</td><td>41.547306769246795</td><td>14.042110243323462</td><td>0.9484310746192932</td><td>-0.21409147544254528</td><td>0.23375905418496223</td><td>-0.25863785674287965</td><td>-0.9490173863896809</td><td>0.18020116367423786</td><td>0.1832618736400553</td><td>-0.2313673280152882</td><td>-0.9554497606870821</td><td>12.333956344572897</td><td>10.806718608133647</td><td>7.680217240448437</td><td>0.8317590355873108</td><td>-0.28411894710134616</td><td>0.4769206318809015</td><td>-0.5212707518563224</td><td>-0.695197018785786</td><td>0.4949524303713436</td><td>0.19092843809867752</td><td>-0.6602859448522115</td><td>-0.7263393164050955</td><td>2.5267100202069264</td><td>2.377367265966651</td><td>1.7441043594413514</td><td>11.179423297769437</td><td>0.0</td><td>118.54483032226562</td><td>12.014287134223032</td><td>0.0</td><td>38878.03515625</td><td>849.0914306640625</td><td>26326.99609375</td><td>18306.93359375</td><td>0.8358985781669617</td><td>26.50518798828125</td><td>17.452577590942383</td><td>0.03019337371364592</td><td>-0.9973178994724258</td><td>0.06667358979158695</td><td>0.6088277874201042</td><td>0.0712522137829101</td><td>0.7900961000385804</td><td>0.7927276237453368</td><td>-0.016737067334008347</td><td>-0.6093461948089348</td><td>0.02507435545710483</td><td>0.023336459324641515</td><td>0.017664686905375673</td><td>-0.478249192237854</td><td>0.572478175163269</td><td>0.7418162822723389</td></tr>\n",
       "<tr><td>9.0</td><td>0.011825359956376158</td><td>0.010521218654665525</td><td>0.008978701775802936</td><td>-0.7609710684566479</td><td>-0.6463192607270818</td><td>0.05651943192518953</td><td>0.3723984291927872</td><td>-0.3637957790608959</td><td>0.8537985951453777</td><td>-0.5312649460548777</td><td>0.670763776862372</td><td>0.5175263401437973</td><td>0.411751389503479</td><td>-0.8524676327996239</td><td>0.3221175630061307</td><td>-0.4447841681946456</td><td>0.12051648053501705</td><td>0.8874924346961213</td><td>0.7953790499449934</td><td>0.5086990396574953</td><td>0.3295412780823392</td><td>267.7468038439064</td><td>172.7403347699184</td><td>-32.640283025697485</td><td>0.7494412660598755</td><td>0.6344754920526042</td><td>-0.18915235918686385</td><td>-0.43950295814616697</td><td>0.26309741857929136</td><td>-0.8588462598845511</td><td>0.49515140591754225</td><td>-0.7267878633559586</td><td>-0.47602992226997876</td><td>49.09953130616094</td><td>41.87076494607203</td><td>29.394175175203834</td><td>0.8856460452079773</td><td>0.3705045218806867</td><td>-0.2799240623581826</td><td>-0.29344113471123306</td><td>0.9137431830026912</td><td>0.28100835570405097</td><td>0.3598935702128169</td><td>-0.16673270459653186</td><td>0.9179743042903749</td><td>12.130659111205967</td><td>11.040164845071411</td><td>9.127062973829954</td><td>0.8107178211212158</td><td>0.3727685313728518</td><td>-0.4514201993941928</td><td>-0.5305426667923021</td><td>0.7938056589848028</td><td>-0.2973164214714939</td><td>0.24750970307419756</td><td>0.4805374051848933</td><td>0.8413220246150055</td><td>2.4672608847176476</td><td>2.348442180176855</td><td>1.8129556375128915</td><td>11.1342911848653</td><td>0.0</td><td>129.09141540527344</td><td>12.062344157286425</td><td>0.0</td><td>38878.03515625</td><td>849.0914306640625</td><td>26326.99609375</td><td>18306.93359375</td><td>0.4719037413597107</td><td>26.57210350036621</td><td>18.048410415649414</td><td>-0.010990762544732776</td><td>-0.937025356616335</td><td>0.34908836158874756</td><td>0.8748738199638653</td><td>0.16004706438643404</td><td>0.45714410892312607</td><td>-0.4842261891724978</td><td>0.31043263075797217</td><td>0.8180199138652835</td><td>0.03507434720214762</td><td>0.027104034426882407</td><td>0.02378750381252945</td><td>-0.7521599531173706</td><td>0.16906972229480743</td><td>0.4688679873943329</td></tr>\n",
       "<tr><td>...</td><td>...</td><td>...</td><td>...</td><td>...</td><td>...</td><td>...</td><td>...</td><td>...</td><td>...</td><td>...</td><td>...</td><td>...</td><td>...</td><td>...</td><td>...</td><td>...</td><td>...</td><td>...</td><td>...</td><td>...</td><td>...</td><td>...</td><td>...</td><td>...</td><td>...</td><td>...</td><td>...</td><td>...</td><td>...</td><td>...</td><td>...</td><td>...</td><td>...</td><td>...</td><td>...</td><td>...</td><td>...</td><td>...</td><td>...</td><td>...</td><td>...</td><td>...</td><td>...</td><td>...</td><td>...</td><td>...</td><td>...</td><td>...</td><td>...</td><td>...</td><td>...</td><td>...</td><td>...</td><td>...</td><td>...</td><td>...</td><td>...</td><td>...</td><td>...</td><td>...</td><td>...</td><td>...</td><td>...</td><td>...</td><td>...</td><td>...</td><td>...</td><td>...</td><td>...</td><td>...</td><td>...</td><td>...</td><td>...</td><td>...</td><td>...</td><td>...</td><td>...</td><td>...</td><td>...</td><td>...</td><td>...</td><td>...</td><td>...</td><td>...</td><td>...</td><td>...</td><td>...</td></tr>\n",
       "<tr><td>752194.0</td><td>0.0039049782377542867</td><td>0.0036617101517045876</td><td>0.00323593098287949</td><td>-0.8969425341511473</td><td>0.15923472866925656</td><td>0.41247835290612045</td><td>0.4385604363122114</td><td>0.20181889799140837</td><td>0.8757476098255571</td><td>-0.056203506404498144</td><td>-0.9663919668535962</td><td>0.25085400588525136</td><td>0.8813514113426208</td><td>-0.14239274624984932</td><td>-0.45049302620831444</td><td>-0.454290413917188</td><td>0.006483625748448637</td><td>-0.8908300524904308</td><td>0.1297685658002307</td><td>0.9897890019658634</td><td>-0.05897330682241867</td><td>5.970796756331006</td><td>3.5133344809792804</td><td>-2.9648340086428737</td><td>-0.87455153465271</td><td>-0.055496988388769694</td><td>-0.4817465506771193</td><td>0.45307553636173487</td><td>0.2606185793915024</td><td>-0.8525259611451617</td><td>-0.17286472503102496</td><td>0.9638454442262679</td><td>0.20278004459072446</td><td>3.5582254513528113</td><td>1.9449147384840677</td><td>-3.678877401717923</td><td>-0.8715538382530212</td><td>-0.09990647198693227</td><td>0.4800131555179455</td><td>0.40938610145545484</td><td>0.3904636323890103</td><td>0.8245854544658691</td><td>-0.2698091039054739</td><td>0.9151813200872844</td><td>-0.2994097506979705</td><td>2.484524160636765</td><td>1.2301506411263117</td><td>-1.137547397261705</td><td>0.7137887477874756</td><td>0.5192677404498717</td><td>-0.46996452723553467</td><td>-0.14948485572206624</td><td>-0.5426113854083702</td><td>-0.8265755635965549</td><td>0.684222128435925</td><td>-0.6602529046912965</td><td>0.30968723061391806</td><td>1.0579058050113466</td><td>0.6455042915192071</td><td>0.11860523604323951</td><td>9.37953818788658</td><td>34218.0</td><td>2.0303726196289062</td><td>10.253033549677326</td><td>1.0</td><td>2.135425329208374</td><td>43591.21875</td><td>66893.1015625</td><td>46197.33203125</td><td>43.591217041015625</td><td>66.89310455322266</td><td>46.197330474853516</td><td>-0.33428342418923335</td><td>-0.5364417851953097</td><td>0.7749095453075738</td><td>0.8781455882307229</td><td>-0.4758345354840794</td><td>0.049414782318335675</td><td>-0.3422205694917228</td><td>-0.69700194112866</td><td>-0.6301375848809855</td><td>0.009796140220580327</td><td>0.00909373617652982</td><td>0.008591940835305619</td><td>-0.9059203267097473</td><td>-0.27984654903411865</td><td>0.3170780837535858</td></tr>\n",
       "<tr><td>752818.0</td><td>0.0026186262605587193</td><td>0.0024932728331082256</td><td>0.002279924441617432</td><td>-0.9030752217638134</td><td>-0.42804347083864136</td><td>-0.03512735271335533</td><td>-0.37217532460122005</td><td>0.7391351649699659</td><td>0.561395347026316</td><td>-0.21433775121106394</td><td>0.5200557614114376</td><td>-0.8268018707214889</td><td>-0.20766738057136536</td><td>-0.6820985198038517</td><td>0.7011532425744401</td><td>0.5806113379797836</td><td>0.4909114048286273</td><td>0.6495355777927098</td><td>0.7872513794847126</td><td>-0.5419848723816729</td><td>-0.2940878501550836</td><td>11.468423455048686</td><td>10.651956184244154</td><td>-9.081636927805297</td><td>-0.2167843133211136</td><td>-0.9318600698414162</td><td>-0.2909319059122004</td><td>0.5927500302742935</td><td>-0.36244097476253795</td><td>0.7192245417274118</td><td>0.7756622752541074</td><td>0.016533301192812565</td><td>-0.6309316006504104</td><td>5.571626128709312</td><td>5.305849647593844</td><td>-1.665199122983732</td><td>-0.0744098424911499</td><td>-0.7523948560910872</td><td>0.6544961084557119</td><td>0.5978332116983757</td><td>0.49164441112732254</td><td>0.6331518174953567</td><td>0.798159524435062</td><td>-0.43839223708334535</td><td>-0.41322345047039083</td><td>1.7220040774830347</td><td>1.5588226742413658</td><td>0.7511200728909818</td><td>0.44135501980781555</td><td>-0.5377206255924155</td><td>0.7183747397692141</td><td>0.18492605354786965</td><td>0.8378870880291757</td><td>0.5135636108927497</td><td>0.8780706649496923</td><td>0.09381767704697398</td><td>-0.4692442336654916</td><td>0.38305216297663175</td><td>0.3019758838822295</td><td>0.19838676700390007</td><td>9.16511860248219</td><td>34416.0</td><td>2.374236822128296</td><td>10.347829465651081</td><td>1.0</td><td>2.6618595123291016</td><td>22884.365234375</td><td>24484.498046875</td><td>55708.71875</td><td>22.88436508178711</td><td>24.484498977661133</td><td>55.708717346191406</td><td>-0.74311389551055</td><td>-0.6587438549240829</td><td>-0.11763618447949593</td><td>0.4915361967780833</td><td>-0.41806821367418684</td><td>-0.7639444586959265</td><td>-0.4540637681604565</td><td>0.6255201853777647</td><td>-0.6344687479528792</td><td>0.009999610624272874</td><td>0.008407642147943567</td><td>0.00785384932863061</td><td>-0.7071279287338257</td><td>0.4234252870082855</td><td>-0.11567516624927521</td></tr>\n",
